lcr: 0.856000
ar: 0.968600