lcr: 0.787000
ar: 0.954000