lcr: 0.823000
ar: 0.962000