lcr: 0.838000
ar: 0.964400